%YAML:1.0
---
R: !!opencv-matrix
   rows: 3
   cols: 3
   dt: d
   data: [ 9.9999999389622785e-01, -2.2492894959581017e-05,
       -1.0817399779616188e-04, 2.2496100381151707e-05,
       9.9999999930796568e-01, 2.9630963696094685e-05,
       1.0817333123514283e-04, -2.9633397008365242e-05,
       9.9999999371019599e-01 ]
T: !!opencv-matrix
   rows: 3
   cols: 1
   dt: d
   data: [ 1.6152324594516867e-04, 2.0096052078799248e-01,
       -6.7633672930976941e-05 ]
R1: !!opencv-matrix
   rows: 3
   cols: 3
   dt: d
   data: [ 9.9999965721394435e-01, -8.2623208923396623e-04,
       -5.3967848796138356e-05, 8.2621548294899464e-04,
       9.9999961155698647e-01, -3.0700790201171877e-04,
       5.4221487612995142e-05, 3.0696320770143466e-04,
       9.9999995141680853e-01 ]
R2: !!opencv-matrix
   rows: 3
   cols: 3
   dt: d
   data: [ 9.9999967553244384e-01, -8.0373759540956974e-04,
       5.4229928329334362e-05, 8.0375580225299718e-04,
       9.9999962035463885e-01, -3.3655191070593735e-04,
       -5.3959408317752219e-05, 3.3659538912531224e-04,
       9.9999994189596142e-01 ]
P1: !!opencv-matrix
   rows: 3
   cols: 4
   dt: d
   data: [ 3.1601823628409070e+03, 0., 1.2952270507812500e+03, 0., 0.,
       3.1601823628409070e+03, 9.7222306060791016e+02, 0., 0., 0., 1.,
       0. ]
P2: !!opencv-matrix
   rows: 3
   cols: 4
   dt: d
   data: [ 3.1601823628409070e+03, 0., 1.2952270507812500e+03, 0., 0.,
       3.1601823628409070e+03, 9.7222306060791016e+02,
       6.3507213452372719e+02, 0., 0., 1., 0. ]
Q: !!opencv-matrix
   rows: 4
   cols: 4
   dt: d
   data: [ 1., 0., 0., -1.2952270507812500e+03, 0., 1., 0.,
       -9.7222306060791016e+02, 0., 0., 0., 3.1601823628409070e+03, 0.,
       0., -4.9760998649561090e+00, 0. ]
ROI_L: [ 0, 0, 2590, 1942 ]
ROI_R: [ 0, 0, 2590, 1942 ]
