%YAML:1.0
---
M1: !!opencv-matrix
   rows: 3
   cols: 3
   dt: d
   data: [ 3.1504811235202023e+03, 0., 1.2949763319643816e+03, 0.,
       3.1505305529413131e+03, 9.7100616167515909e+02, 0., 0., 1. ]
D1: !!opencv-matrix
   rows: 1
   cols: 5
   dt: d
   data: [ -6.8606128015302628e-04, -1.8611408140290966e-02,
       6.4991256536849220e-05, 6.5038424412012638e-05,
       1.8064235838886281e-01 ]
M2: !!opencv-matrix
   rows: 3
   cols: 3
   dt: d
   data: [ 3.1504811235202023e+03, 0., 1.2950636364466127e+03, 0.,
       3.1505305529413131e+03, 9.7098610569878917e+02, 0., 0., 1. ]
D2: !!opencv-matrix
   rows: 1
   cols: 5
   dt: d
   data: [ -5.6007260111922402e-03, 1.6005950420060336e-01,
       8.4601517595391622e-05, 1.2440501833934091e-04,
       -1.5034931090423695e+00 ]
fovx1: 4.4690062346014429e+01
fovy1: 3.4258811422868128e+01
focal_length1: 6.9310580036999877e-03
aspect_ratio1: 1.0000156894833432e+00
fovx2: 4.4690062333896030e+01
fovy2: 3.4258811422407902e+01
focal_length2: 6.9310580036999877e-03
aspect_ratio2: 1.0000156894833432e+00
rms: 8.7111516241285464e-02
